ID	BW56	GENERATION	SEX
347203	835	3	2
552108	275	8	1
136302	566	2	2
615605	786	5	1
121702	599	2	1
131513	717	13	1
320503	870	3	1
625211	445	11	2
357403	544	3	2
272915	646	15	1
636211	515	11	2
328915	840	15	1
113802	784	2	2
47202	449	2	1
356403	816	3	1
726616	385	16	2
271815	599	15	2
619405	628	5	2
351803	506	3	2
332804	525	4	2
44502	666	2	2
260415	485	15	2
723316	408	16	2
732416	917	16	1
553408	458	8	2
81702	689	2	2
142302	524	2	1
68602	606	2	2
258315	703	15	1
333415	567	15	2
337203	636	3	1
253415	553	15	2
305915	612	15	2
841706	586	6	1
346803	777	3	1
529408	196	8	1
533808	502	8	1
627411	707	11	1
128817	443	17	2
316015	533	15	2
328315	881	15	1
430010	996	10	1
303015	638	15	2
73402	446	2	2
96502	1045	2	1
62302	463	2	2
334203	743	3	1
342803	520	3	2
633311	368	11	2
854606	800	6	2
215609	575	9	2
640411	804	11	1
618505	832	5	1
324503	539	3	2
385610	646	10	2
136902	638	2	1
319315	580	15	1
541308	408	8	2
77402	695	2	1
41202	352	2	1
259015	437	15	2
736716	834	16	2
434710	403	10	2
301418	707	18	1
555008	184	8	1
215109	848	9	2
541108	438	8	2
107102	671	2	2
325715	662	15	1
306118	575	18	1
725616	481	16	2
332415	704	15	1
197918	372	18	1
334503	535	3	2
83602	502	2	1
351804	781	4	1
313515	631	15	2
138413	492	13	1
329803	783	3	2
550008	291	8	1
521508	344	8	2
863806	809	6	2
359603	949	3	1
435010	628	10	2
854406	652	6	1
860706	854	6	2
142102	679	2	2
641411	695	11	2
356504	668	4	1
632011	571	11	1
325803	908	3	1
857206	660	6	2
339604	639	4	1
197018	723	18	1
328015	633	15	1
370704	509	4	2
847506	716	6	1
295815	701	15	1
219709	734	9	2
719816	506	16	2
290815	712	15	1
197718	425	18	1
378210	362	10	2
636605	858	5	1
378610	938	10	1
560108	526	8	1
326003	58	3	2
840206	781	6	2
255015	604	15	2
138002	773	2	2
724216	643	16	2
558808	612	8	1
901007	782	7	1
235415	834	15	1
330904	638	4	1
105502	279	2	2
245615	589	15	2
351303	632	3	2
901307	848	7	1
134413	621	13	2
56002	752	2	2
61602	459	2	1
347504	540	4	1
76602	744	2	1
520708	214	8	1
151914	1104	14	1
540508	219	8	2
90902	351	2	2
333403	495	3	2
333915	474	15	2
842106	841	6	2
563008	299	8	1
119902	639	2	2
629405	646	5	2
332603	631	3	1
248115	505	15	1
110402	740	2	2
733816	772	16	1
376710	662	10	2
271315	674	15	1
289815	501	15	1
85702	394	2	2
289015	599	15	2
220509	815	9	2
302015	460	15	2
222309	760	9	1
539708	404	8	1
122902	630	2	1
333815	770	15	1
80602	448	2	1
562308	532	8	1
163014	1057	14	1
275815	406	15	2
532208	377	8	2
114717	498	17	2
64202	899	2	1
122302	862	2	2
313615	681	15	2
843406	750	6	1
315903	584	3	1
199318	500	18	2
355003	538	3	2
562208	392	8	2
298015	443	15	2
69802	412	2	2
284815	306	15	2
231309	565	9	2
357203	794	3	1
99802	621	2	2
624505	878	5	1
100402	732	2	1
94402	266	2	2
554308	486	8	2
299218	356	18	2
47402	627	2	1
542508	309	8	1
74202	472	2	2
337503	408	3	2
139102	839	2	2
379310	448	10	2
547208	317	8	2
135417	502	17	2
135902	347	2	2
111902	674	2	1
307715	629	15	1
319215	487	15	1
137317	500	17	2
304215	623	15	1
847406	623	6	2
326215	528	15	2
92202	494	2	2
519608	174	8	1
341304	697	4	1
532108	334	8	2
635405	816	5	1
377110	591	10	2
632411	585	11	2
293415	684	15	1
193018	365	18	2
323503	861	3	2
289915	657	15	2
66502	650	2	1
72102	557	2	1
139517	610	17	2
166914	625	14	2
237215	665	15	1
913207	376	7	1
327015	658	15	2
87702	832	2	1
552708	537	8	1
641211	677	11	2
638505	597	5	2
540608	114	8	2
312515	622	15	1
326615	590	15	2
302615	664	15	1
287215	505	15	1
283615	527	15	1
848406	406	6	2
163914	640	14	2
844906	654	6	2
539908	296	8	1
237515	687	15	1
284315	447	15	1
70902	347	2	2
259315	564	15	2
293515	761	15	2
376804	690	4	2
340603	760	3	2
292215	534	15	1
847906	1102	6	1
384810	418	10	2
216809	610	9	2
120217	608	17	2
259715	492	15	1
539808	430	8	2
548708	354	8	2
557008	465	8	2
908607	734	7	1
336503	497	3	2
542608	193	8	1
64002	812	2	1
334103	679	3	1
102402	640	2	2
91502	497	2	1
85202	151	2	2
227409	967	9	1
125002	385	2	1
733316	871	16	1
72202	923	2	1
381610	861	10	1
330415	626	15	1
347903	531	3	2
38002	636	2	2
339003	451	3	2
630405	731	5	1
331915	694	15	1
316703	695	3	1
339403	755	3	2
356803	862	3	1
430410	866	10	1
273815	638	15	1
299715	608	15	1
287115	690	15	1
328503	499	3	2
609305	769	5	1
63602	846	2	1
383310	537	10	2
161014	516	14	2
320103	558	3	2
127202	465	2	2
327115	784	15	1
72502	637	2	1
260215	507	15	2
345404	370	4	2
65002	595	2	1
342204	390	4	2
108302	608	2	1
101202	460	2	1
321115	582	15	1
253615	627	15	1
132213	703	13	1
243215	654	15	1
533408	340	8	2
315915	743	15	1
112602	543	2	2
246715	555	15	1
559808	521	8	2
530208	353	8	2
307515	608	15	2
62602	642	2	1
53702	731	2	2
718816	343	16	2
251415	430	15	2
905507	604	7	1
322803	799	3	2
92302	618	2	2
640511	624	11	2
341403	394	3	2
224009	875	9	1
306415	547	15	2
254515	587	15	1
346903	681	3	1
541008	487	8	1
553508	581	8	1
136513	525	13	2
41002	770	2	2
518708	204	8	2
531508	188	8	1
332015	670	15	1
124802	267	2	2
136517	604	17	2
561908	302	8	1
124502	575	2	1
124402	579	2	2
326703	1136	3	1
304715	666	15	2
352203	596	3	1
306115	465	15	2
858806	701	6	2
251215	600	15	1
284415	279	15	1
726516	840	16	1
167214	1067	14	1
37802	504	2	2
295215	631	15	1
375110	807	10	1
340403	949	3	1
289115	731	15	2
66302	497	2	2
38602	465	2	2
142502	764	2	1
79702	628	2	2
39502	473	2	1
84702	761	2	1
282715	574	15	2
135313	494	13	2
142802	618	2	2
291915	698	15	1
559908	408	8	1
277415	191	15	2
248615	534	15	1
284115	733	15	1
860006	986	6	1
94702	669	2	2
554208	354	8	1
309615	898	15	1
105702	267	2	2
365704	850	4	1
322403	788	3	2
320803	775	3	1
275315	534	15	2
521108	298	8	2
118302	668	2	2
128813	954	13	1
620505	388	5	2
159514	1020	14	1
340804	607	4	1
310315	759	15	2
739316	621	16	2
288615	284	15	2
309715	826	15	2
335603	471	3	2
190518	785	18	1
71002	664	2	1
154614	603	14	1
339204	550	4	1
46802	695	2	1
282815	392	15	1
364604	718	4	2
351603	656	3	2
77202	600	2	1
188418	742	18	1
278015	384	15	2
226509	965	9	1
860306	836	6	2
134113	775	13	1
104602	692	2	2
127213	600	13	1
316003	781	3	1
551408	477	8	2
729016	675	16	2
250915	533	15	2
103002	560	2	2
549308	485	8	1
558308	492	8	1
50702	532	2	1
320715	790	15	1
104702	443	2	2
133302	541	2	2
346003	495	3	2
92902	531	2	2
907807	539	7	1
257315	735	15	2
287715	432	15	2
261615	919	15	1
279015	676	15	2
354203	581	3	2
336804	815	4	1
259215	509	15	1
48602	703	2	1
85002	744	2	1
624511	478	11	1
36602	575	2	2
146902	591	2	1
77102	468	2	2
741916	871	16	1
302115	468	15	2
79302	725	2	2
352503	612	3	2
360403	836	3	1
276715	243	15	2
255615	606	15	1
332215	499	15	1
87202	451	2	1
638311	677	11	1
296515	570	15	2
67202	827	2	1
223609	1029	9	1
518208	332	8	1
354604	779	4	1
99102	558	2	1
631711	452	11	1
135013	570	13	2
614605	855	5	1
110302	503	2	2
329815	564	15	2
132413	817	13	1
542308	290	8	2
609705	718	5	1
55702	883	2	1
626305	732	5	1
75602	527	2	1
527808	317	8	1
359203	732	3	1
297418	529	18	1
322715	391	15	2
192318	435	18	2
857306	820	6	1
134613	409	13	1
63702	640	2	2
552208	402	8	2
36702	641	2	1
256815	1118	15	1
914207	921	7	1
320303	814	3	1
360803	650	3	2
293915	521	15	1
246615	631	15	1
326303	217	3	2
260015	575	15	2
624905	565	5	2
166014	952	14	1
73002	1049	2	1
295515	591	15	1
78902	460	2	2
245715	711	15	1
351503	705	3	2
387110	552	10	1
376910	645	10	1
319815	270	15	2
66602	729	2	1
528908	412	8	1
53902	987	2	1
126702	471	2	1
636511	545	11	2
65802	701	2	1
84402	507	2	2
132913	465	13	2
246915	265	15	2
75402	534	2	1
316803	714	3	2
318803	757	3	1
138702	844	2	1
296618	642	18	1
298315	441	15	2
283815	484	15	2
129913	676	13	2
70102	288	2	2
221409	806	9	1
366404	461	4	2
635011	317	11	2
610705	798	5	2
76502	543	2	1
323803	888	3	1
335803	677	3	1
630711	777	11	1
227509	718	9	2
282015	589	15	1
121502	270	2	2
384610	675	10	1
240415	747	15	1
852106	613	6	2
299915	719	15	1
532408	490	8	1
146614	535	14	2
636705	505	5	2
237115	554	15	2
332803	506	3	2
530608	200	8	1
215309	1164	9	1
223509	753	9	2
111502	135	2	2
334104	778	4	1
614005	699	5	1
312315	670	15	1
363804	470	4	2
134917	560	17	2
727516	618	16	2
277015	700	15	1
557508	567	8	2
190418	390	18	2
36002	643	2	2
626811	566	11	2
297515	881	15	1
560808	238	8	2
66102	774	2	1
314015	602	15	1
115302	836	2	1
331503	1186	3	1
625311	745	11	1
146314	530	14	2
542708	285	8	1
335903	737	3	2
83202	791	2	1
322203	720	3	2
52502	554	2	1
68202	436	2	1
127313	637	13	1
854506	592	6	2
338203	657	3	2
117802	766	2	2
105302	369	2	1
733916	692	16	2
856506	926	6	1
558208	367	8	2
319415	423	15	2
237315	617	15	2
302218	887	18	1
620105	731	5	2
355004	675	4	1
317103	682	3	1
85402	594	2	2
37602	825	2	1
135502	1106	2	1
294215	782	15	1
359304	606	4	2
529608	222	8	1
629011	954	11	1
332503	750	3	1
243315	483	15	2
624411	507	11	1
726916	940	16	1
48902	549	2	2
351903	504	3	2
152014	751	14	2
725516	728	16	1
732816	765	16	2
638411	600	11	2
729216	454	16	2
70702	665	2	2
256015	557	15	2
86802	646	2	1
344903	997	3	1
76402	543	2	2
320003	591	3	2
107002	613	2	1
631805	662	5	2
163214	767	14	2
541508	504	8	2
226909	674	9	2
116502	432	2	1
46702	407	2	2
45302	609	2	1
719516	550	16	2
272815	536	15	2
624405	959	5	1
324615	373	15	2
318003	871	3	1
80702	524	2	1
246215	627	15	1
80302	787	2	1
359903	747	3	2
281415	661	15	1
118202	626	2	2
350703	645	3	2
130213	821	13	1
258415	385	15	2
215209	926	9	1
308815	729	15	2
347303	670	3	2
301815	621	15	1
252215	610	15	2
730216	640	16	1
119202	1158	2	1
361804	486	4	2
379810	602	10	2
635905	390	5	2
528008	204	8	1
329604	873	4	1
434610	744	10	1
719616	870	16	1
306815	480	15	2
625705	862	5	1
382910	619	10	2
288915	724	15	2
40502	581	2	2
725416	348	16	2
306715	630	15	2
138713	452	13	1
635705	544	5	1
619605	602	5	2
333015	628	15	1
355204	536	4	2
321403	721	3	2
357603	633	3	1
159414	760	14	2
253815	547	15	1
563208	410	8	2
290315	583	15	1
62802	810	2	1
327004	625	4	1
345104	480	4	2
531808	402	8	2
322003	583	3	2
540108	253	8	1
548208	285	8	1
69402	684	2	1
274315	628	15	1
106902	677	2	1
362504	483	4	1
300815	779	15	1
280215	667	15	2
562608	489	8	2
560708	295	8	2
354503	372	3	2
236615	500	15	2
117302	530	2	2
93802	743	2	2
139702	445	2	2
519008	267	8	1
556808	466	8	2
133513	565	13	2
133902	439	2	1
56302	704	2	1
361003	871	3	1
253915	452	15	2
58802	840	2	1
341903	898	3	1
324603	675	3	2
323615	594	15	1
113902	741	2	1
87802	784	2	1
106102	856	2	2
97402	665	2	1
285915	637	15	1
273915	530	15	2
843806	852	6	1
111102	828	2	1
551308	392	8	2
332715	640	15	2
553908	317	8	2
331703	794	3	2
349504	571	4	1
41702	532	2	1
724716	703	16	2
119602	468	2	2
189218	725	18	2
221309	1091	9	1
278215	622	15	1
639911	825	11	1
911907	556	7	1
138113	771	13	1
375710	727	10	2
344604	525	4	1
127013	628	13	1
64802	508	2	2
257415	895	15	1
135002	659	2	2
345503	530	3	2
136117	225	17	2
639111	570	11	1
114202	643	2	1
45202	558	2	2
352604	737	4	1
135513	502	13	2
337603	638	3	2
82702	301	2	2
144302	694	2	2
347204	269	4	2
339903	809	3	2
52602	708	2	2
639105	694	5	1
120002	653	2	2
856806	775	6	1
283515	677	15	1
249515	537	15	2
233815	469	15	1
617605	685	5	1
85302	253	2	1
303215	632	15	2
329615	495	15	2
298215	714	15	2
324303	636	3	2
126402	730	2	1
331615	549	15	2
61202	452	2	2
49202	548	2	1
375604	467	4	2
105402	516	2	1
120102	593	2	2
558008	291	8	1
563108	441	8	1
553208	595	8	2
95902	877	2	2
36402	771	2	1
561708	455	8	1
321103	919	3	1
334803	500	3	2
221509	760	9	2
359204	572	4	1
164914	478	14	2
111802	558	2	2
133613	600	13	1
75102	501	2	2
168414	360	14	2
859906	1070	6	2
162514	920	14	2
82402	1018	2	1
724916	593	16	1
436310	577	10	1
223909	484	9	2
901207	634	7	1
285015	785	15	1
863306	926	6	1
305318	592	18	1
343404	506	4	2
191818	620	18	2
359503	831	3	2
288515	744	15	1
38902	1079	2	1
146802	777	2	2
841106	277	6	2
84602	613	2	2
279815	729	15	2
261015	510	15	2
122402	551	2	2
629105	620	5	2
128513	392	13	2
40302	477	2	2
329515	569	15	2
316615	413	15	2
635211	550	11	1
355903	570	3	1
259915	534	15	1
520608	295	8	1
127102	308	2	2
134102	531	2	2
549008	336	8	1
557108	473	8	1
141502	738	2	2
125817	465	17	2
64102	353	2	2
281015	457	15	2
246515	447	15	2
360503	640	3	2
902307	672	7	1
521908	336	8	2
135713	804	13	1
134002	671	2	2
106202	465	2	2
355804	753	4	1
249215	235	15	2
298415	301	15	2
542208	316	8	2
137402	945	2	1
431010	480	10	2
840506	575	6	2
98302	699	2	2
520408	180	8	1
626711	865	11	1
431410	730	10	2
639005	645	5	2
64502	911	2	1
128617	492	17	2
62902	513	2	2
90002	608	2	2
540708	374	8	1
252015	590	15	2
328215	725	15	1
106602	764	2	2
533608	382	8	1
254315	476	15	2
627605	769	5	2
54602	917	2	1
169114	825	14	2
613405	759	5	1
732016	854	16	2
52302	711	2	1
217709	424	9	2
50102	622	2	1
338303	848	3	1
386310	474	10	2
627005	554	5	1
282215	808	15	1
239415	565	15	2
257715	816	15	1
102702	434	2	2
77502	555	2	2
127802	930	2	1
530908	279	8	1
229509	578	9	2
294015	857	15	1
51002	416	2	2
629605	460	5	2
903207	653	7	1
65202	815	2	1
55602	497	2	2
57802	519	2	2
254815	747	15	1
39102	765	2	1
252915	820	15	1
277315	343	15	2
288115	487	15	1
70602	217	2	2
353804	632	4	1
548308	458	8	1
51502	724	2	2
76702	623	2	2
616905	699	5	1
618005	650	5	2
317803	845	3	1
322915	434	15	1
63802	672	2	1
533908	466	8	1
372004	601	4	2
105202	438	2	2
141002	582	2	2
86502	523	2	1
905607	742	7	1
307615	697	15	1
332315	467	15	1
93502	298	2	2
339503	878	3	2
280015	754	15	2
292415	569	15	2
727416	501	16	1
254715	637	15	2
327203	393	3	2
619105	311	5	2
143402	458	2	2
146414	774	14	1
327403	697	3	1
99202	508	2	1
353303	381	3	2
54902	752	2	1
287815	512	15	2
137113	456	13	2
281715	602	15	1
633911	492	11	1
331603	1078	3	1
358503	716	3	2
296115	646	15	2
271915	661	15	1
519808	168	8	1
297518	373	18	2
341703	655	3	2
347003	723	3	1
117102	719	2	1
853206	842	6	2
137902	662	2	2
293815	682	15	2
633711	572	11	2
359003	708	3	1
342603	973	3	1
316215	667	15	1
623511	890	11	1
60102	470	2	1
83302	285	2	2
519108	414	8	1
621405	699	5	2
630911	318	11	2
271515	509	15	2
326304	526	4	2
846006	726	6	1
637011	554	11	1
910307	614	7	1
311415	623	15	1
317615	367	15	2
280115	775	15	1
137613	225	13	2
739616	721	16	1
231809	484	9	2
137802	363	2	2
616305	541	5	1
103302	478	2	1
300515	708	15	1
517008	353	8	1
70002	896	2	1
627705	615	5	1
146402	328	2	2
138913	690	13	1
235815	793	15	1
222809	1038	9	1
237415	487	15	2
137213	756	13	2
380410	576	10	2
198218	754	18	1
554408	530	8	1
321815	635	15	1
640111	612	11	2
109502	965	2	1
337103	670	3	2
84902	566	2	2
94502	412	2	2
142202	628	2	2
274115	687	15	2
134902	812	2	1
301115	651	15	2
329415	702	15	2
199218	257	18	2
283915	472	15	2
109102	575	2	2
540808	371	8	1
100202	609	2	2
303815	619	15	1
80402	318	2	1
106802	670	2	1
132313	817	13	2
120302	598	2	2
195718	330	18	1
55402	660	2	2
139002	661	2	2
135813	710	13	1
317703	699	3	2
52902	314	2	2
613505	557	5	1
384310	535	10	2
197818	430	18	2
132802	558	2	2
106002	810	2	1
247215	527	15	1
114702	764	2	1
357503	801	3	1
620805	344	5	2
527908	176	8	1
76302	622	2	1
78202	592	2	2
302315	579	15	2
216009	483	9	2
110502	495	2	2
551708	160	8	1
84102	428	2	1
296915	561	15	2
298715	758	15	1
633305	838	5	1
73802	805	2	1
296615	614	15	1
331504	688	4	1
557308	705	8	1
291715	577	15	1
335103	661	3	2
558108	714	8	1
64702	927	2	1
50202	777	2	1
140602	504	2	2
851406	580	6	2
218409	592	9	2
56802	650	2	2
86202	533	2	2
317203	718	3	2
342503	788	3	1
322315	680	15	1
345004	574	4	1
65102	943	2	1
557808	412	8	2
373204	771	4	1
223409	1026	9	1
330403	998	3	2
79502	601	2	2
121802	595	2	2
277515	456	15	2
280615	542	15	1
321303	955	3	1
107802	739	2	2
358803	601	3	2
333304	525	4	1
556108	420	8	2
285615	777	15	1
298918	808	18	1
106702	712	2	1
381310	384	10	2
255415	440	15	1
97502	686	2	2
83802	491	2	2
119502	701	2	2
194218	407	18	2
847306	660	6	1
100102	598	2	2
621805	865	5	1
138613	540	13	1
44902	240	2	1
367104	603	4	1
229809	620	9	2
846306	979	6	1
250615	550	15	1
324403	618	3	2
554508	220	8	1
280415	403	15	2
80102	532	2	2
170414	762	14	2
330715	792	15	1
550608	356	8	2
294415	641	15	2
915307	1086	7	1
312615	465	15	2
274915	600	15	2
862906	1013	6	1
274815	615	15	2
36902	636	2	2
330915	651	15	2
157814	652	14	1
533708	292	8	2
344404	661	4	1
145614	962	14	1
541708	297	8	2
295115	260	15	2
145202	982	2	1
260715	792	15	1
58502	571	2	2
135913	475	13	2
188918	315	18	2
906107	1081	7	1
200618	578	18	1
622805	792	5	1
295915	477	15	1
335003	656	3	2
334703	729	3	1
627805	412	5	2
126913	544	13	2
292715	716	15	1
376210	669	10	1
308215	664	15	1
135402	541	2	1
291515	150	15	2
261815	753	15	1
85802	822	2	1
124717	429	17	2
56402	762	2	2
105902	571	2	2
851006	617	6	2
327703	652	3	1
282615	693	15	2
518308	343	8	2
78602	882	2	1
256515	546	15	2
632605	625	5	2
739216	734	16	1
315515	517	15	1
629205	659	5	1
314815	694	15	1
156914	429	14	2
254215	575	15	2
72602	731	2	1
516908	350	8	2
88702	721	2	1
329015	564	15	2
555408	519	8	1
92002	955	2	2
78802	200	2	2
331103	520	3	2
118702	765	2	2
309215	460	15	2
41602	625	2	1
329903	359	3	2
375704	699	4	1
350903	981	3	1
617705	589	5	1
326403	950	3	1
558508	477	8	2
115502	750	2	1
169814	685	14	2
283115	529	15	2
348603	659	3	2
315103	298	3	1
334403	627	3	2
138102	455	2	2
330603	1160	3	1
358603	999	3	1
90102	923	2	2
58702	548	2	2
226409	664	9	2
160614	525	14	1
341503	712	3	2
316915	434	15	2
292115	702	15	1
127302	599	2	1
255115	620	15	2
518908	262	8	2
69702	520	2	1
307115	573	15	1
296815	554	15	2
250715	410	15	2
846206	750	6	2
75202	504	2	1
338104	672	4	1
228009	736	9	2
316103	497	3	2
170514	930	14	1
223309	695	9	2
334615	839	15	1
844806	941	6	1
340903	534	3	2
67302	465	2	2
153114	886	14	1
114602	553	2	1
319203	710	3	1
108402	665	2	1
126917	312	17	2
426510	566	10	2
322615	545	15	2
132017	685	17	2
138513	435	13	2
546908	288	8	1
170614	748	14	2
736116	708	16	1
517508	235	8	1
93102	210	2	2
145502	902	2	2
320115	642	15	1
383910	629	10	1
250815	430	15	2
136702	654	2	2
258015	531	15	2
729916	750	16	1
373604	491	4	2
633805	568	5	2
253515	591	15	1
329603	900	3	1
113402	804	2	1
125917	393	17	2
35102	974	2	1
356203	560	3	2
230309	621	9	1
45102	358	2	2
55902	529	2	2
530108	263	8	2
290215	699	15	2
627111	570	11	2
329203	348	3	2
631705	798	5	2
104902	698	2	1
330103	517	3	2
54202	692	2	2
332703	712	3	2
325303	1002	3	1
530708	118	8	1
109902	599	2	1
195418	508	18	2
552408	330	8	1
77602	743	2	1
612105	825	5	1
330615	627	15	1
341103	460	3	2
854906	1037	6	1
98702	603	2	1
227609	732	9	1
552308	536	8	2
120017	535	17	2
618305	589	5	2
338903	847	3	1
517208	404	8	2
141402	812	2	1
90302	621	2	2
195618	695	18	2
90202	1050	2	1
152214	1091	14	1
157914	650	14	1
322215	547	15	2
517808	280	8	2
134013	740	13	1
740916	580	16	1
230509	840	9	1
340503	1007	3	1
137302	500	2	2
553808	370	8	2
305215	818	15	1
632711	652	11	1
261515	648	15	2
552008	399	8	1
255215	610	15	2
319915	464	15	2
68702	582	2	1
634111	452	11	2
334215	602	15	2
841306	711	6	2
382110	519	10	1
339304	557	4	2
321603	679	3	2
862406	773	6	2
626211	704	11	1
855006	754	6	2
276515	621	15	1
260115	498	15	2
375310	835	10	1
521608	197	8	2
131613	525	13	1
632511	921	11	1
624111	398	11	2
370304	761	4	1
115702	692	2	1
105002	446	2	2
254115	537	15	2
260615	548	15	2
323403	670	3	2
345903	627	3	2
905207	687	7	1
323303	594	3	2
519208	269	8	1
109702	549	2	2
129313	751	13	2
616105	529	5	2
97302	519	2	1
39302	602	2	1
331203	1096	3	2
354303	581	3	2
557208	542	8	1
123802	488	2	1
293115	479	15	2
102602	891	2	2
559608	572	8	1
380310	857	10	1
732716	780	16	1
146302	446	2	2
344103	513	3	2
297115	544	15	2
314115	566	15	2
58902	672	2	2
519908	167	8	2
855806	541	6	2
518408	362	8	2
330315	650	15	1
245115	654	15	1
258715	594	15	1
78702	223	2	2
73302	465	2	2
115602	572	2	2
36502	627	2	1
122102	901	2	1
261915	314	15	2
161614	1140	14	1
157014	750	14	2
533508	340	8	2
87902	766	2	2
312815	604	15	1
80502	1005	2	1
256615	845	15	1
100002	691	2	2
330203	1022	3	1
154814	448	14	2
73902	740	2	2
518508	353	8	1
147914	650	14	2
200018	473	18	2
63102	831	2	1
636205	419	5	2
83502	646	2	2
59502	527	2	2
60802	510	2	2
387010	776	10	2
276015	758	15	1
373710	394	10	1
548108	287	8	1
292515	590	15	2
637911	565	11	2
547808	475	8	1
320615	697	15	1
94102	728	2	2
735516	402	16	2
633705	707	5	2
357903	546	3	2
189118	406	18	1
216609	703	9	1
351203	602	3	2
66002	509	2	2
88602	509	2	2
111402	1098	2	1
865206	957	6	2
252815	570	15	2
318415	606	15	2
627611	708	11	1
316503	757	3	1
373510	507	10	1
105602	591	2	1
737616	358	16	2
721916	478	16	2
165414	720	14	2
323603	593	3	1
629005	765	5	1
517108	281	8	2
240215	985	15	1
282515	347	15	2
116802	950	2	1
222209	695	9	1
358604	756	4	1
54702	1133	2	1
73502	481	2	2
864206	961	6	1
86402	287	2	2
39402	544	2	2
249815	610	15	2
315703	479	3	2
382610	721	10	2
531608	501	8	1
358504	441	4	1
116302	750	2	1
332115	478	15	2
67402	1037	2	1
330115	420	15	2
194818	472	18	2
296415	334	15	2
160414	916	14	1
342704	782	4	1
288015	479	15	1
258515	709	15	1
326715	635	15	1
320815	726	15	1
357103	704	3	2
316903	525	3	1
911407	784	7	1
303515	653	15	2
328904	453	4	2
255715	577	15	2
192118	570	18	2
283715	546	15	2
112302	638	2	1
131813	435	13	2
225809	634	9	1
272215	708	15	2
116602	719	2	1
197618	420	18	2
729516	710	16	1
259115	510	15	2
333303	624	3	2
37302	569	2	2
339203	449	3	2
326815	329	15	2
360504	673	4	1
121217	554	17	2
321515	575	15	1
132113	792	13	1
325003	616	3	2
311315	350	15	2
347904	624	4	1
847006	506	6	1
248815	636	15	1
56902	702	2	2
124202	756	2	2
384910	558	10	1
220609	657	9	2
328203	721	3	2
132902	397	2	2
151814	1028	14	1
557908	423	8	2
44802	545	2	1
341204	416	4	2
386810	646	10	2
299515	812	15	1
134202	701	2	1
130813	777	13	1
253015	795	15	1
353003	337	3	2
276615	634	15	1
334004	541	4	2
51702	405	2	1
336303	521	3	2
79002	742	2	2
145514	727	14	2
86302	807	2	2
148914	690	14	2
620205	782	5	1
316203	534	3	1
104402	1056	2	1
344203	644	3	2
120502	701	2	2
136617	504	17	2
336003	750	3	1
313215	728	15	1
88902	647	2	1
322415	825	15	1
59602	661	2	2
329215	741	15	2
330803	990	3	2
49502	223	2	2
561008	466	8	1
546808	234	8	2
288415	604	15	1
202818	342	18	1
132117	277	17	2
314615	459	15	1
98802	797	2	2
115402	458	2	2
110702	523	2	2
346303	806	3	1
48302	671	2	2
354003	481	3	2
333515	783	15	1
914107	904	7	1
434310	800	10	2
332903	656	3	2
257015	606	15	2
547108	410	8	2
41102	687	2	1
232109	807	9	1
323015	775	15	1
138202	684	2	1
337703	426	3	2
620305	649	5	2
357003	572	3	2
555808	741	8	1
200718	495	18	1
343704	543	4	1
88102	620	2	1
336903	674	3	2
74302	759	2	1
554708	481	8	1
321203	545	3	2
258115	617	15	2
321715	827	15	1
331803	625	3	2
308715	771	15	1
295218	755	18	1
521008	236	8	2
134702	596	2	2
238815	614	15	2
50602	428	2	1
138013	666	13	2
36802	562	2	2
87502	614	2	2
40802	605	2	1
344704	429	4	2
630605	923	5	1
35202	546	2	2
371804	704	4	1
552808	434	8	1
328103	632	3	2
123602	620	2	1
728416	818	16	1
913907	757	7	1
231909	725	9	1
108502	812	2	1
738516	1029	16	1
334903	526	3	2
349203	622	3	2
149214	685	14	2
548408	263	8	2
301715	515	15	2
156114	935	14	1
280815	645	15	1
71802	583	2	1
37902	665	2	2
636105	693	5	1
347604	527	4	2
72902	721	2	1
368804	730	4	1
314215	733	15	2
121002	804	2	1
723616	645	16	1
327303	541	3	2
95402	445	2	2
230109	510	9	2
354403	538	3	2
339803	683	3	1
236915	526	15	2
863706	931	6	1
345303	723	3	2
106302	670	2	2
353603	662	3	2
229909	715	9	1
302415	533	15	2
616805	472	5	2
251115	681	15	2
308515	716	15	2
228509	565	9	2
560208	440	8	1
127702	817	2	1
72802	298	2	1
382710	604	10	2
534708	356	8	1
318215	478	15	2
240615	628	15	1
326203	807	3	2
337003	833	3	1
152614	773	14	2
348903	745	3	2
252715	664	15	1
840906	556	6	1
128313	896	13	1
342303	849	3	1
624011	524	11	2
129813	590	13	2
319903	711	3	2
169614	650	14	2
295615	369	15	2
321415	599	15	2
56502	820	2	1
69602	337	2	2
360603	683	3	1
286515	195	15	2
161414	760	14	2
56102	1179	2	1
623411	792	11	2
88502	283	2	2
384410	460	10	2
257815	534	15	2
54802	725	2	1
64402	542	2	2
323415	855	15	1
128913	795	13	2
540908	577	8	1
137013	642	13	1
552908	308	8	1
66402	430	2	2
310715	746	15	1
328003	838	3	1
71302	263	2	1
255915	664	15	2
62402	620	2	1
562908	372	8	1
845006	845	6	1
313915	883	15	1
100902	755	2	1
343303	640	3	2
147002	361	2	2
254015	715	15	1
272115	484	15	2
72402	621	2	2
741016	525	16	2
234215	466	15	2
324203	373	3	2
97702	672	2	1
95702	391	2	2
280315	764	15	1
320215	545	15	1
628705	583	5	2
123502	723	2	1
221609	691	9	2
95102	503	2	2
534808	262	8	2
562708	329	8	2
386910	494	10	2
527608	292	8	2
520308	187	8	1
319503	928	3	1
222609	916	9	1
630505	639	5	2
333704	519	4	2
73602	134	2	2
74502	654	2	1
862806	621	6	2
865106	868	6	2
633505	538	5	2
534608	392	8	1
169014	728	14	1
141902	853	2	1
559508	468	8	1
127413	612	13	1
310015	706	15	2
843706	720	6	2
78102	638	2	1
169714	867	14	1
48402	535	2	2
385710	412	10	2
134213	595	13	1
117717	621	17	2
287915	582	15	1
124902	631	2	1
103102	832	2	1
633411	602	11	1
88802	607	2	2
305815	643	15	1
548808	344	8	2
78502	337	2	1
319615	732	15	1
279315	519	15	2
338003	840	3	1
253115	253	15	2
67902	623	2	2
319103	825	3	2
255515	728	15	1
119702	781	2	1
325915	701	15	2
730116	363	16	2
155914	610	14	2
50802	185	2	2
318603	614	3	2
271415	504	15	2
522108	450	8	1
65402	648	2	1
255815	671	15	1
120402	654	2	1
912807	965	7	1
359703	745	3	1
272015	390	15	2
279615	489	15	1
350103	781	3	2
90502	823	2	1
112102	548	2	2
96902	1053	2	1
281515	779	15	1
51102	706	2	2
276815	555	15	2
309915	656	15	2
70402	203	2	2
102502	653	2	1
328815	625	15	1
247115	458	15	2
251315	629	15	1
281615	762	15	1
325515	870	15	1
609605	535	5	2
158814	342	14	2
541808	287	8	2
235015	438	15	1
332403	610	3	2
80002	523	2	1
331804	905	4	1
310415	770	15	1
289215	638	15	1
145714	986	14	1
135302	591	2	2
343604	604	4	1
50502	704	2	2
731616	730	16	2
116902	889	2	1
118102	730	2	1
122002	525	2	2
320403	914	3	1
202418	625	18	1
295315	731	15	1
51202	688	2	1
325503	858	3	2
340203	857	3	1
557408	467	8	2
317903	513	3	2
330003	683	3	2
908307	819	7	1
721716	398	16	2
104002	789	2	2
337303	724	3	1
379410	485	10	1
377804	750	4	1
327915	628	15	2
166114	600	14	2
61002	652	2	2
374410	704	10	1
282915	474	15	2
62202	721	2	1
330015	673	15	1
133113	775	13	1
316115	545	15	2
248915	366	15	1
626005	620	5	2
334715	679	15	1
288815	745	15	1
64902	587	2	1
284715	406	15	2
291115	370	15	2
313015	618	15	1
719216	508	16	1
112702	785	2	1
316315	584	15	2
855406	722	6	2
61102	577	2	2
377210	842	10	1
732916	1054	16	1
529308	454	8	1
327103	613	3	2
284915	436	15	2
722116	828	16	1
192018	632	18	1
352603	514	3	2
327104	450	4	2
116917	470	17	2
529108	439	8	2
360003	678	3	2
533108	286	8	2
85602	606	2	2
737316	460	16	1
260315	848	15	1
528808	356	8	2
639311	737	11	1
195218	465	18	1
338603	549	3	1
859506	810	6	2
273215	499	15	2
315203	676	3	2
101502	636	2	1
95002	648	2	2
542808	310	8	1
345703	567	3	2
77302	610	2	1
94802	474	2	2
634411	318	11	2
162114	1325	14	1
639805	698	5	2
336203	903	3	1
719916	818	16	1
355803	490	3	2
323915	702	15	2
84202	704	2	2
916207	666	7	1
89402	958	2	1
551108	397	8	2
84502	655	2	2
322703	841	3	1
900807	954	7	1
130417	504	17	2
237015	580	15	1
325815	539	15	2
139902	925	2	1
74002	761	2	2
348003	362	3	2
57902	667	2	2
561608	289	8	1
361204	653	4	1
190618	581	18	2
168314	574	14	2
137513	525	13	2
340103	929	3	1
72002	304	2	2
348303	709	3	1
560408	267	8	1
840106	920	6	1
380510	689	10	2
311815	429	15	2
98502	768	2	2
125102	474	2	1
297915	569	15	2
866106	817	6	1
556908	491	8	1
551508	507	8	1
109802	957	2	1
858206	760	6	2
148814	678	14	2
97902	309	2	1
912407	800	7	1
734716	853	16	2
358403	1000	3	1
147102	680	2	2
632505	802	5	1
633211	312	11	2
329303	666	3	2
51602	432	2	1
332915	480	15	2
863606	817	6	1
44302	328	2	2
520508	208	8	2
628911	736	11	2
44402	566	2	2
539408	405	8	2
69002	463	2	2
133602	502	2	2
277715	631	15	2
191518	512	18	2
331815	619	15	2
322303	738	3	1
37202	312	2	2
293615	603	15	2
92702	683	2	1
532808	356	8	2
275415	651	15	2
156814	754	14	1
315403	514	3	2
94202	512	2	2
622911	711	11	1
148514	890	14	1
96102	623	2	1
376704	777	4	1
909607	1045	7	1
317315	426	15	2
719316	665	16	2
319715	424	15	2
61502	297	2	2
550308	445	8	2
225609	611	9	1
299818	575	18	2
355403	699	3	2
39902	820	2	1
89902	681	2	2
331003	602	3	2
379210	822	10	1
328403	603	3	2
251815	612	15	1
379510	706	10	1
215709	608	9	1
358303	844	3	1
540208	247	8	1
547008	454	8	2
97002	619	2	2
52402	649	2	2
129013	975	13	1
628711	397	11	2
132302	563	2	2
913807	754	7	2
37402	858	2	1
171214	1013	14	1
129413	887	13	1
308015	840	15	1
51302	725	2	1
721016	732	16	1
52102	1014	2	1
49702	532	2	2
138313	757	13	1
106402	833	2	2
629505	780	5	1
233115	734	15	1
722016	705	16	2
120202	668	2	2
298915	655	15	2
59102	687	2	2
40002	646	2	1
108702	640	2	2
851106	716	6	1
438410	656	10	2
561108	165	8	1
626511	465	11	2
218809	808	9	2
344003	666	3	2
283415	501	15	2
558708	513	8	2
60502	795	2	1
248315	415	15	1
190718	747	18	1
329403	828	3	1
252515	561	15	2
54502	802	2	2
324015	494	15	2
637111	393	11	2
271715	522	15	1
35002	896	2	1
861206	787	6	1
80802	855	2	1
547308	328	8	1
133913	840	13	1
125402	753	2	1
320603	738	3	2
297815	729	15	1
318315	395	15	2
141602	856	2	2
328415	755	15	1
323715	741	15	1
727916	723	16	2
279115	598	15	2
242215	367	15	2
251715	707	15	2
60002	550	2	2
319703	612	3	2
361304	584	4	2
81202	707	2	2
66202	534	2	2
91602	644	2	1
120702	692	2	1
339603	538	3	2
630805	813	5	1
95302	636	2	2
327815	599	15	2
556608	616	8	2
340003	932	3	1
93202	489	2	2
140102	572	2	2
637311	302	11	1
59802	727	2	1
37002	680	2	1
118902	609	2	1
324803	754	3	1
301315	689	15	2
41302	471	2	1
345803	550	3	2
114102	287	2	2
89502	903	2	1
104802	148	2	2
218309	636	9	2
731216	666	16	2
609005	551	5	1
285415	524	15	1
520208	251	8	1
60402	296	2	2
740316	1006	16	1
127113	542	13	2
350003	601	3	2
111202	754	2	1
628011	730	11	2
165214	800	14	1
249915	551	15	2
333103	612	3	2
360203	1088	3	1
333203	567	3	1
858906	1064	6	1
300715	705	15	2
853106	771	6	1
318103	812	3	2
723916	687	16	1
517408	361	8	2
230009	715	9	2
614205	762	5	1
67602	616	2	2
438010	670	10	1
43902	523	2	2
243415	583	15	2
114617	444	17	2
531308	218	8	2
249115	348	15	2
547708	354	8	2
331715	614	15	2
861906	598	6	2
247415	551	15	2
108002	421	2	2
311915	505	15	2
156314	575	14	2
276315	355	15	2
107902	921	2	1
539108	285	8	1
346503	820	3	1
247815	591	15	2
306515	534	15	2
249715	552	15	1
59202	699	2	2
328615	626	15	2
296215	657	15	2
534508	205	8	2
228109	806	9	2
516808	458	8	1
247915	793	15	1
271215	612	15	1
347603	547	3	2
852506	717	6	2
625711	599	11	1
99302	727	2	2
51402	942	2	1
286315	126	15	2
916007	1067	7	1
82802	293	2	2
550908	540	8	2
303915	493	15	2
115902	411	2	2
143002	621	2	2
85902	378	2	1
313115	608	15	2
321003	728	3	1
306315	449	15	2
81002	678	2	2
128717	860	17	2
109202	534	2	2
386210	470	10	2
40702	742	2	1
292815	668	15	2
635111	277	11	2
79202	800	2	1
59702	548	2	2
257215	804	15	1
133102	848	2	1
319603	949	3	1
550808	709	8	1
329115	655	15	1
311515	384	15	2
127913	640	13	1
152314	772	14	1
294315	753	15	1
276415	507	15	2
318115	303	15	1
111302	868	2	1
297918	406	18	1
910007	569	7	1
128013	362	13	2
317503	668	3	2
49102	594	2	1
321015	588	15	1
57102	728	2	1
260515	522	15	2
294915	520	15	2
71702	531	2	2
347803	698	3	1
338403	529	3	2
136413	854	13	2
377710	416	10	1
307215	589	15	1
357904	357	4	2
615205	752	5	1
127402	675	2	1
852906	966	6	1
136402	829	2	1
373110	576	10	1
254415	547	15	2
131213	716	13	1
295415	503	15	2
312715	666	15	1
79802	366	2	2
359303	593	3	1
354103	698	3	1
125202	201	2	1
291615	551	15	2
125302	566	2	1
637505	856	5	1
222509	785	9	2
216509	689	9	1
338803	746	3	2
517708	458	8	2
364704	1001	4	1
63502	523	2	2
636005	577	5	2
46102	536	2	2
517908	300	8	1
550408	452	8	2
45602	604	2	1
50402	558	2	1
52202	538	2	1
301515	741	15	1
40402	679	2	1
327803	977	3	1
316715	431	15	2
286415	464	15	1
302815	597	15	2
516708	400	8	1
293218	515	18	1
128117	382	17	2
905007	529	7	1
368704	438	4	2
248215	737	15	1
141202	593	2	2
96802	804	2	1
294815	501	15	2
234515	497	15	1
129513	715	13	2
345203	656	3	2
735416	690	16	1
143202	959	2	1
317015	627	15	1
299615	358	15	2
56702	487	2	2
70302	141	2	2
627811	580	11	1
45502	404	2	2
367704	538	4	2
377010	734	10	2
520908	327	8	2
326915	226	15	1
81602	757	2	1
93302	782	2	2
321615	455	15	1
140302	604	2	2
356603	587	3	2
82302	922	2	1
334415	753	15	1
549208	342	8	2
53102	527	2	2
329103	946	3	1
325403	794	3	2
143502	901	2	2
96602	779	2	2
80902	716	2	1
138602	739	2	2
318903	620	3	2
287315	822	15	1
380610	778	10	1
726416	645	16	1
136013	490	13	2
341803	728	3	1
326803	730	3	1
279415	853	15	1
118502	594	2	2
540008	400	8	2
634511	912	11	1
346403	914	3	1
375610	568	10	2
622111	680	11	1
97802	612	2	2
324215	814	15	1
65602	506	2	2
637711	608	11	1
293315	713	15	2
68102	515	2	2
315215	514	15	2
73702	710	2	2
320703	1070	3	1
38502	533	2	2
133817	360	17	2
323115	581	15	2
903907	632	7	1
127713	825	13	1
845506	403	6	2
345003	823	3	2
849706	966	6	2
556308	381	8	2
611005	732	5	1
634905	523	5	2
98002	703	2	1
357803	718	3	2
342003	598	3	2
326903	494	3	2
311715	541	15	2
326415	543	15	1
720716	562	16	2
52002	613	2	1
138902	513	2	1
256915	692	15	1
336103	546	3	2
631311	327	11	2
349803	635	3	2
315503	546	3	2
281315	514	15	2
622705	426	5	2
346603	491	3	2
279715	466	15	2
62502	336	2	1
76902	472	2	1
522208	380	8	2
358703	579	3	2
311115	561	15	2
626105	850	5	1
244815	520	15	1
163514	780	14	2
532008	627	8	1
304415	659	15	1
133213	924	13	1
123417	508	17	2
158014	470	14	2
125902	658	2	2
135213	420	13	2
87602	891	2	2
331315	536	15	2
274515	455	15	1
906407	861	7	1
98902	604	2	1
122802	522	2	1
348503	651	3	2
41902	670	2	1
611105	534	5	2
629705	749	5	1
216709	548	9	2
531408	552	8	1
135202	586	2	2
728816	713	16	1
219809	1034	9	1
376010	605	10	1
323515	739	15	1
127502	494	2	1
557608	422	8	2
259615	597	15	1
295715	507	15	1
559008	624	8	1
623905	958	5	1
48202	657	2	1
261115	731	15	1
107702	555	2	2
379710	411	10	2
851806	634	6	1
541908	281	8	1
338503	623	3	2
317303	779	3	2
275615	840	15	1
88002	777	2	1
292615	483	15	2
558908	561	8	2
118417	703	17	2
286915	641	15	1
542008	225	8	2
335204	667	4	1
338703	673	3	1
554908	310	8	2
343504	475	4	2
219009	763	9	2
111002	635	2	1
138813	350	13	2
280915	445	15	1
166714	842	14	1
284015	626	15	1
94002	768	2	1
124602	652	2	2
529908	381	8	1
298515	560	15	1
528308	377	8	2
323903	695	3	1
286715	222	15	2
258915	544	15	1
201318	407	18	2
84302	853	2	1
190018	367	18	1
556408	557	8	2
317915	474	15	1
368004	530	4	2
271115	609	15	2
555708	450	8	2
347103	714	3	1
243115	504	15	2
300918	506	18	2
307915	742	15	1
559408	306	8	2
135102	509	2	2
520008	95	8	2
113102	532	2	2
82902	416	2	2
63002	600	2	2
168014	634	14	1
53302	951	2	1
733116	730	16	2
218909	1020	9	1
112902	524	2	1
119102	675	2	2
63902	503	2	1
189718	757	18	1
275915	774	15	1
310515	492	15	2
521808	400	8	2
337403	840	3	1
138302	632	2	2
194918	492	18	1
35602	627	2	1
155614	742	14	1
44702	560	2	2
318403	688	3	2
322603	770	3	2
82002	493	2	1
222409	454	9	2
196418	495	18	1
96202	491	2	2
95202	710	2	2
286215	146	15	2
62002	323	2	2
634711	980	11	1
358203	640	3	1
297215	500	15	2
630411	542	11	1
629511	460	11	2
301415	607	15	2
631205	914	5	1
130713	842	13	1
254915	795	15	1
529508	344	8	2
134313	690	13	2
322115	540	15	2
142902	752	2	2
89102	580	2	2
287015	556	15	2
320203	655	3	2
149414	651	14	1
286815	879	15	1
116402	561	2	2
119402	261	2	2
331303	1237	3	1
386410	649	10	1
353103	690	3	1
252115	737	15	1
561408	528	8	2
343103	568	3	2
132713	585	13	2
259815	631	15	1
59302	532	2	2
620005	1163	5	1
81402	462	2	2
140202	769	2	2
227909	817	9	1
217809	524	9	2
272415	518	15	1
320903	738	3	2
334003	930	3	1
327215	605	15	2
156714	678	14	1
250115	797	15	1
639205	441	5	2
259415	798	15	1
733616	551	16	2
250215	416	15	2
296715	549	15	2
365904	572	4	2
114402	705	2	1
310915	470	15	2
52702	862	2	1
40902	574	2	2
91402	809	2	1
190218	595	18	1
355303	666	3	2
242715	551	15	1
124317	243	17	2
341603	758	3	1
640311	680	11	2
331004	429	4	2
352003	642	3	1
353403	526	3	2
127017	523	17	2
431510	1197	10	1
553308	575	8	2
44102	328	2	2
727316	755	16	1
562808	522	8	1
145402	871	2	1
62102	552	2	1
62702	371	2	2
261715	586	15	1
846906	701	6	2
39002	999	2	2
318303	520	3	2
539508	362	8	1
68302	789	2	1
156514	692	14	2
246415	367	15	2
299015	622	15	2
298418	510	18	1
97602	958	2	1
626605	978	5	2
622605	436	5	2
354803	621	3	2
518808	98	8	1
120802	703	2	2
333803	653	3	1
326204	729	4	1
377604	538	4	2
352704	457	4	2
101402	590	2	1
225509	639	9	2
719416	655	16	1
315603	738	3	1
373910	518	10	2
528708	275	8	2
312415	520	15	2
330703	754	3	2
273115	504	15	2
541608	441	8	2
333603	729	3	2
619205	327	5	2
318715	597	15	1
334115	516	15	2
109002	894	2	1
40602	609	2	1
343203	937	3	1
41402	571	2	2
297715	532	15	2
248515	553	15	2
98102	549	2	2
150314	806	14	2
192718	671	18	1
164314	654	14	1
155514	904	14	1
144902	839	2	1
72302	262	2	2
53002	582	2	1
640611	815	11	1
628405	458	5	2
226609	1015	9	1
51902	406	2	2
364204	586	4	1
532308	446	8	2
352703	900	3	1
201218	725	18	2
338304	473	4	1
331015	609	15	1
848706	741	6	1
81902	684	2	2
281915	623	15	2
233315	616	15	2
615005	434	5	1
560508	412	8	2
89202	587	2	2
36102	974	2	1
134302	680	2	2
844406	612	6	2
169214	648	14	1
718716	300	16	2
294418	636	18	1
732116	787	16	1
67102	931	2	1
102202	208	2	1
327603	581	3	2
429710	761	10	2
201618	336	18	2
625911	295	11	2
549808	250	8	2
279915	791	15	1
638211	535	11	2
135413	604	13	1
89002	658	2	2
343003	595	3	2
220009	687	9	2
632705	770	5	2
534408	358	8	1
132513	762	13	2
520108	206	8	2
60602	630	2	2
386510	812	10	1
198418	426	18	2
110602	645	2	1
293215	541	15	2
848806	471	6	2
318203	818	3	1
325903	772	3	1
298115	647	15	1
35402	824	2	1
728716	460	16	2
317403	731	3	2
232009	508	9	2
116017	552	17	2
123902	635	2	1
123102	1006	2	1
96402	820	2	1
330304	542	4	1
382210	347	10	2
287415	649	15	2
378804	776	4	1
317715	438	15	2
293718	800	18	2
319015	734	15	1
139302	645	2	2
521708	480	8	1
87002	545	2	2
319403	521	3	2
86702	623	2	1
256715	671	15	1
323203	885	3	1
740716	516	16	2
858406	804	6	1
274715	559	15	2
99002	457	2	1
333703	340	3	2
239615	651	15	1
322103	934	3	1
530508	271	8	1
330604	461	4	2
438310	797	10	1
333503	800	3	1
99402	813	2	2
313715	647	15	2
257515	824	15	1
137702	798	2	2
291215	584	15	2
315303	562	3	2
324415	567	15	2
434810	936	10	1
549908	298	8	2
637405	828	5	1
331903	887	3	1
279515	556	15	2
125802	481	2	2
292015	639	15	2
359403	1075	3	1
358304	436	4	2
97202	641	2	2
555308	606	8	1
77002	671	2	2
315115	490	15	2
330903	1076	3	1
71402	607	2	2
721616	772	16	1
304218	842	18	1
302515	391	15	2
127613	675	13	1
132202	483	2	1
342203	701	3	1
294318	485	18	2
131713	610	13	1
322815	626	15	1
261315	661	15	1
540408	285	8	1
635811	401	11	2
616405	479	5	2
639211	707	11	2
319803	711	3	2
630511	448	11	1
251615	712	15	2
910607	930	7	1
530008	147	8	2
78302	1077	2	1
249415	894	15	1
533208	443	8	2
339103	683	3	2
547508	562	8	2
288715	554	15	2
48502	371	2	2
310615	383	15	2
311015	383	15	2
38302	621	2	1
274215	698	15	1
304015	580	15	2
335303	714	3	2
74102	852	2	1
305015	494	15	1
131413	625	13	2
193418	460	18	1
98602	939	2	1
194618	725	18	2
332303	757	3	1
103602	690	2	2
79402	747	2	1
517308	389	8	2
324703	414	3	2
356303	695	3	2
57602	543	2	2
260815	610	15	1
327503	535	3	1
162814	966	14	2
863206	951	6	1
532908	470	8	1
137413	254	13	2
737816	605	16	1
329503	761	3	2
228809	510	9	2
519708	248	8	2
861706	803	6	1
297218	513	18	1
234115	570	15	2
737016	680	16	1
342903	514	3	2
50902	698	2	2
85502	864	2	1
254615	596	15	1
298815	553	15	1
549108	420	8	2
243015	307	15	2
201518	665	18	1
35802	779	2	1
518008	349	8	1
351604	577	4	2
727116	685	16	2
741716	727	16	2
67802	546	2	2
143702	602	2	2
550708	478	8	1
135602	576	2	2
352803	691	3	1
303418	832	18	1
542408	305	8	2
528608	400	8	1
622311	252	11	2
192518	605	18	2
93402	699	2	1
626205	703	5	2
110902	967	2	1
255315	570	15	2
56602	819	2	2
154014	684	14	2
119802	992	2	1
320515	808	15	1
274415	582	15	1
274015	449	15	2
39602	769	2	1
859606	1117	6	1
49802	574	2	2
299215	847	15	1
256415	874	15	1
373210	698	10	1
134813	242	13	2
285215	378	15	1
327903	541	3	2
726316	634	16	1
112402	574	2	2
124917	482	17	2
339704	442	4	2
277215	497	15	2
528508	243	8	2
912507	732	7	1
258215	624	15	1
272715	280	15	2
531108	454	8	1
348403	1016	3	1
344303	937	3	1
853706	517	6	2
332103	846	3	2
550108	193	8	2
554808	435	8	2
118002	857	2	1
293715	949	15	1
340703	1016	3	1
529208	355	8	2
912907	850	7	1
191718	452	18	1
133713	185	13	2
330215	507	15	2
332515	542	15	2
308915	664	15	2
335403	571	3	2
96702	846	2	1
290015	572	15	2
68902	694	2	1
635411	417	11	2
348204	558	4	2
326315	481	15	2
722816	526	16	2
637805	492	5	2
91702	303	2	2
234815	562	15	2
130513	967	13	1
161714	1254	14	1
620605	579	5	1
145302	777	2	2
308415	646	15	2
294715	557	15	1
305515	623	15	2
308018	502	18	1
101002	983	2	1
731016	834	16	1
326503	948	3	1
347503	810	3	1
110102	499	2	2
147514	662	14	1
632405	558	5	1
384510	565	10	2
90702	549	2	2
374510	777	10	1
626805	500	5	2
326603	910	3	1
547408	287	8	2
61302	761	2	1
328803	938	3	1
192818	340	18	2
304615	751	15	1
58002	582	2	1
68802	750	2	2
275515	548	15	2
427210	461	10	1
333003	650	3	2
349003	572	3	2
35702	706	2	2
739916	687	16	2
60202	724	2	1
902807	635	7	1
360903	606	3	2
335703	308	3	2
527708	313	8	2
121602	809	2	1
83702	337	2	1
343603	910	3	1
153814	426	14	2
195518	555	18	1
350604	455	4	2
251015	581	15	2
140402	971	2	1
341003	669	3	2
622305	664	5	2
358903	670	3	2
252615	733	15	2
733716	628	16	1
534108	331	8	2
318015	390	15	2
132217	790	17	2
50302	572	2	2
640811	610	11	2
115417	385	17	2
356703	462	3	2
340803	604	3	1
301615	576	15	2
550508	371	8	1
46202	553	2	1
549408	541	8	1
550208	209	8	2
321503	651	3	2
283015	697	15	1
856706	570	6	2
289315	557	15	2
847806	536	6	2
114902	670	2	1
632005	486	5	1
842506	816	6	1
638305	690	5	1
86602	874	2	1
196018	626	18	1
356003	622	3	1
87102	561	2	2
328903	366	3	2
225709	505	9	2
77702	279	2	1
558608	650	8	1
52802	812	2	1
76002	548	2	2
64302	573	2	2
112802	517	2	1
217609	715	9	1
384710	467	10	1
323703	614	3	2
316303	914	3	1
198718	456	18	2
540308	313	8	2
41802	523	2	1
57002	644	2	2
113002	529	2	2
81102	678	2	2
57502	621	2	2
619305	742	5	1
242915	563	15	1
608905	551	5	2
855306	967	6	1
344803	760	3	2
628311	608	11	1
276915	876	15	1
197118	565	18	2
306015	294	15	2
312215	654	15	1
134402	722	2	2
93702	360	2	1
429810	899	10	2
353803	640	3	1
633811	665	11	1
94602	591	2	2
849406	936	6	1
80202	714	2	1
321315	725	15	1
610205	808	5	1
75902	757	2	1
120602	670	2	1
324903	645	3	1
126813	442	13	2
116202	757	2	1
321215	178	15	1
324815	556	15	2
315715	602	15	2
329003	819	3	1
529008	252	8	2
555208	333	8	1
142402	575	2	2
96302	1001	2	1
111702	302	2	2
58302	687	2	2
319003	901	3	1
721216	812	16	1
904207	462	7	2
299315	478	15	1
314315	899	15	1
353203	722	3	1
104302	732	2	1
53602	565	2	1
321915	488	15	2
723816	987	16	2
250315	602	15	1
366304	638	4	1
108902	502	2	2
133117	581	17	2
730816	691	16	2
100502	268	2	2
337104	414	4	1
247015	515	15	2
133013	654	13	2
144502	487	2	1
63302	1054	2	1
55002	796	2	1
301915	507	15	2
189318	774	18	1
357604	602	4	1
282315	600	15	2
355103	829	3	1
49302	844	2	1
381510	490	10	2
148414	800	14	1
741816	965	16	1
731516	837	16	1
60902	689	2	1
325015	635	15	1
93602	638	2	1
323103	596	3	2
547608	282	8	2
233915	755	15	1
301618	495	18	2
104202	627	2	2
561808	398	8	2
238415	345	15	1
352403	511	3	1
105102	229	2	2
291415	476	15	2
350603	667	3	1
297315	753	15	1
333115	487	15	2
47902	209	2	2
150214	555	14	2
151014	594	14	2
200918	117	18	2
637905	457	5	1
109402	655	2	1
328115	614	15	2
132813	945	13	1
324915	819	15	1
901607	568	7	1
331115	397	15	1
315803	758	3	2
280515	413	15	2
561208	346	8	2
128102	666	2	2
123702	665	2	1
272615	349	15	1
556708	730	8	1
321903	632	3	2
627505	708	5	1
220709	914	9	1
136102	801	2	1
130217	392	17	2
297615	367	15	1
61902	344	2	2
549508	192	8	1
377810	620	10	1
129113	396	13	2
342403	640	3	2
866506	967	6	1
534008	451	8	1
54102	541	2	1
57702	726	2	2
251515	345	15	2
337803	468	3	1
325103	477	3	2
530808	361	8	2
302215	789	15	1
248415	929	15	1
38702	578	2	2
314915	354	15	2
63402	559	2	2
307315	716	15	1
53402	770	2	2
623811	657	11	2
340504	544	4	2
289515	636	15	2
307415	538	15	2
556208	512	8	1
230609	501	9	2
841906	565	6	2
326015	748	15	1
318703	871	3	1
722916	488	16	2
335404	548	4	2
333615	605	15	1
332203	816	3	2
297415	796	15	1
35502	694	2	1
302915	493	15	2
347703	485	3	2
245015	213	15	2
551008	384	8	1
346704	587	4	2
123302	498	2	2
143602	782	2	1
109602	455	2	2
238515	642	15	2
737516	520	16	2
133917	405	17	2
140802	639	2	2
278715	642	15	2
532608	208	8	1
273415	266	15	2
134913	654	13	1
438110	685	10	1
331704	540	4	2
431110	704	10	2
301318	528	18	2
372504	799	4	1
561508	256	8	2
629911	665	11	1
639611	658	11	2
271615	728	15	1
273615	652	15	1
323003	868	3	1
224109	535	9	2
626911	824	11	1
338103	541	3	1
71502	542	2	2
553008	444	8	1
639305	699	5	1
320415	809	15	1
140702	602	2	2
316603	705	3	1
235915	506	15	2
548608	342	8	2
735016	842	16	1
133202	520	2	2
331403	878	3	2
95802	912	2	1
367804	789	4	1
631411	585	11	1
88402	551	2	2
103702	561	2	1
132613	512	13	2
299918	403	18	2
350203	781	3	2
315415	688	15	1
102802	670	2	1
153914	785	14	1
70202	737	2	2
148314	802	14	1
539308	494	8	2
38102	150	2	2
142602	481	2	2
303415	496	15	2
228609	654	9	1
356004	468	4	2
284615	317	15	2
374304	625	4	1
94302	644	2	2
137102	691	2	1
121302	651	2	2
60302	937	2	1
346203	828	3	2
66802	372	2	2
86902	697	2	2
246315	686	15	1
320915	753	15	1
61402	475	2	2
551908	370	8	2
559708	423	8	1
290515	524	15	2
351703	634	3	1
522008	375	8	1
35902	665	2	2
53202	480	2	2
354504	750	4	2
320015	816	15	1
633611	570	11	2
339703	536	3	2
311215	487	15	2
276215	694	15	1
69302	687	2	1
227809	920	9	1
50002	798	2	1
79102	938	2	1
303615	758	15	1
132502	639	2	2
288215	783	15	1
285515	545	15	2
248715	723	15	1
150414	774	14	1
44602	531	2	2
549708	411	8	1
142002	928	2	1
321803	589	3	1
246015	570	15	2
342703	686	3	2
138917	578	17	2
304515	548	15	2
331515	739	15	1
328703	441	3	2
307015	423	15	2
329715	706	15	1
314515	534	15	2
339303	901	3	1
616005	453	5	2
78402	728	2	1
843306	640	6	2
55802	881	2	1
44202	505	2	1
330303	601	3	2
636611	521	11	1
35302	651	2	1
318515	455	15	2
99502	862	2	1
617805	749	5	1
55502	927	2	1
65902	456	2	1
305715	864	15	1
909707	659	7	1
38802	662	2	1
296015	591	15	2
555608	473	8	2
122717	502	17	2
346703	432	3	2
220409	1061	9	1
260915	736	15	1
156414	708	14	1
137917	405	17	2
127513	430	13	2
385810	576	10	2
901907	364	7	2
351403	1066	3	1
116702	344	2	2
136313	482	13	2
379910	467	10	2
522308	308	8	1
315015	506	15	2
112002	174	2	2
328515	647	15	2
335203	749	3	2
332615	721	15	1
247315	645	15	1
107302	610	2	2
317815	554	15	1
222709	880	9	2
285115	481	15	2
553708	526	8	2
198018	501	18	2
333715	710	15	1
322503	797	3	1
381410	813	10	1
59002	664	2	1
37102	664	2	1
901807	579	7	1
350503	765	3	1
131013	664	13	2
124102	365	2	2
124517	423	17	2
316415	425	15	2
724816	507	16	2
557708	550	8	1
79602	680	2	2
361203	822	3	1
614805	505	5	2
247715	497	15	1
116102	980	2	1
292315	773	15	1
329703	665	3	2
249315	629	15	1
531908	400	8	2
274615	693	15	1
317003	628	3	2
861006	665	6	1
529708	187	8	2
54302	549	2	2
40202	577	2	2
115102	781	2	1
353503	793	3	2
314415	430	15	1
58202	742	2	1
911707	692	7	1
358003	757	3	1
315815	500	15	1
147214	667	14	1
246115	419	15	2
864306	772	6	2
554608	444	8	2
351003	685	3	2
273315	651	15	2
377510	623	10	2
87402	481	2	2
534208	349	8	1
844106	999	6	1
296315	534	15	2
319303	729	3	1
253215	707	15	1
555108	301	8	2
865306	1055	6	1
126002	559	2	2
229709	825	9	1
355703	629	3	2
275715	750	15	1
357303	703	3	1
103202	548	2	1
305115	676	15	1
909007	980	7	1
300215	266	15	2
610505	638	5	1
330815	299	15	2
306615	560	15	2
74602	805	2	1
236715	477	15	1
864506	903	6	1
316815	679	15	1
345403	775	3	2
356503	765	3	2
531208	180	8	2
257615	791	15	2
326103	97	3	1
55202	867	2	1
281115	732	15	1
228709	592	9	1
353903	598	3	1
83002	820	2	1
234015	282	15	2
103502	702	2	1
107502	1055	2	1
641111	649	11	1
555508	676	8	1
273715	637	15	2
314715	595	15	2
910207	674	7	2
325215	291	15	2
110802	724	2	2
160714	511	14	2
357703	1002	3	1
47002	524	2	2
382510	888	10	1
102302	423	2	1
300818	630	18	2
903707	530	7	1
562408	275	8	1
75302	337	2	2
632305	405	5	2
327715	720	15	2
215809	671	9	1
327904	625	4	1
65502	645	2	1
629211	487	11	1
56202	1037	2	1
553108	150	8	2
139202	456	2	2
136713	405	13	2
317115	496	15	1
907007	639	7	1
427410	567	10	1
308315	663	15	1
309515	795	15	1
193218	485	18	2
153014	630	14	2
633011	530	11	2
138402	188	2	2
341303	458	3	2
283215	547	15	2
111602	802	2	1
350403	488	3	2
233615	549	15	2
303115	583	15	2
913507	564	7	1
630811	460	11	2
299415	463	15	2
307815	591	15	2
139013	566	13	2
635911	445	11	1
117902	752	2	2
612305	582	5	2
278115	742	15	1
147114	721	14	2
115917	530	17	2
623005	587	5	1
374010	538	10	2
275215	548	15	2
360703	714	3	2
542108	342	8	1
621005	682	5	1
320315	879	15	2
89802	470	2	1
123817	471	17	2
137217	441	17	2
327003	568	3	2
118402	707	2	1
327615	472	15	2
232809	634	9	2
321703	687	3	1
532508	399	8	2
85102	644	2	2
337004	461	4	2
103802	794	2	2
520808	336	8	1
300915	453	15	1
333215	521	15	2
199618	545	18	1
378510	980	10	1
195918	507	18	2
188618	356	18	2
133813	999	13	1
282415	882	15	1
317603	604	3	2
539608	441	8	1
140002	1132	2	1
303518	550	18	1
330503	971	3	1
331215	508	15	1
322515	657	15	2
356903	693	3	2
91302	648	2	1
141302	864	2	1
294115	697	15	2
325703	853	3	2
231509	653	9	1
343403	738	3	2
327704	569	4	2
434410	985	10	1
83102	669	2	1
273515	597	15	2
167514	525	14	2
319115	377	15	2
53802	750	2	2
374104	555	4	2
325115	586	15	1
332904	612	4	1
355503	584	3	2
